3.096 -0.141 0.003 0.005 0.015 0.000 0.014 0.014 0.014 0.014 0.006 0.005 0.004 0.008 0.002 0.012 0.010 0.002 0.006 0.002 0.010 
3.208 0.003 -0.101 0.008 0.011 0.002 0.007 0.008 0.009 0.003 0.009 0.003 0.000 0.002 0.003 0.008 0.015 0.004 0.006 0.003 0.006 
2.350 0.005 0.008 -0.189 0.001 0.009 0.010 0.002 0.010 0.015 0.003 0.006 0.007 0.005 0.007 0.008 0.015 0.009 0.014 0.008 0.007 
2.643 0.015 0.011 0.001 -0.131 0.011 0.014 0.003 0.003 0.008 0.008 0.009 0.012 0.010 0.003 0.004 0.012 0.003 0.015 0.012 0.013 
2.245 0.000 0.002 0.009 0.011 -0.164 0.000 0.009 0.003 0.013 0.011 0.011 0.008 0.015 0.002 0.011 0.012 0.002 0.009 0.007 0.001 
2.926 0.014 0.007 0.010 0.014 0.000 -0.103 0.009 0.001 0.001 0.010 0.004 0.009 0.013 0.005 0.009 0.004 0.013 0.011 0.006 0.006 
2.407 0.014 0.008 0.002 0.003 0.009 0.009 -0.173 0.013 0.001 0.007 0.013 0.014 0.001 0.011 0.006 0.015 0.001 0.009 0.009 0.010 
3.361 0.014 0.009 0.010 0.003 0.003 0.001 0.013 -0.125 0.004 0.011 0.005 0.009 0.005 0.000 0.007 0.006 0.007 0.003 0.010 0.011 
3.115 0.014 0.003 0.015 0.008 0.013 0.001 0.001 0.004 -0.193 0.009 0.010 0.002 0.012 0.005 0.013 0.009 0.014 0.003 0.011 0.002 
2.063 0.006 0.009 0.003 0.008 0.011 0.010 0.007 0.011 0.009 -0.138 0.012 0.011 0.002 0.011 0.000 0.005 0.010 0.006 0.006 0.011 
2.548 0.005 0.003 0.006 0.009 0.011 0.004 0.013 0.005 0.010 0.012 -0.176 0.005 0.008 0.007 0.002 0.000 0.007 0.010 0.011 0.012 
2.432 0.004 0.000 0.007 0.012 0.008 0.009 0.014 0.009 0.002 0.011 0.005 -0.178 0.014 0.015 0.004 0.007 0.002 0.004 0.010 0.009 
2.834 0.008 0.002 0.005 0.010 0.015 0.013 0.001 0.005 0.012 0.002 0.008 0.014 -0.125 0.014 0.011 0.012 0.004 0.003 0.007 0.012 
2.903 0.002 0.003 0.007 0.003 0.002 0.005 0.011 0.000 0.005 0.011 0.007 0.015 0.014 -0.164 0.005 0.001 0.014 0.004 0.003 0.005 
2.558 0.012 0.008 0.008 0.004 0.011 0.009 0.006 0.007 0.013 0.000 0.002 0.004 0.011 0.005 -0.186 0.012 0.006 0.004 0.000 0.010 
2.112 0.010 0.015 0.015 0.012 0.012 0.004 0.015 0.006 0.009 0.005 0.000 0.007 0.012 0.001 0.012 -0.161 0.003 0.000 0.011 0.004 
2.174 0.002 0.004 0.009 0.003 0.002 0.013 0.001 0.007 0.014 0.010 0.007 0.002 0.004 0.014 0.006 0.003 -0.169 0.005 0.003 0.003 
2.892 0.006 0.006 0.014 0.015 0.009 0.011 0.009 0.003 0.003 0.006 0.010 0.004 0.003 0.004 0.004 0.000 0.005 -0.181 0.008 0.005 
2.080 0.002 0.003 0.008 0.012 0.007 0.006 0.009 0.010 0.011 0.006 0.011 0.010 0.007 0.003 0.000 0.011 0.003 0.008 -0.161 0.010 
2.876 0.010 0.006 0.007 0.013 0.001 0.006 0.010 0.011 0.002 0.011 0.012 0.009 0.012 0.005 0.010 0.004 0.003 0.005 0.010 -0.137 




3.096 -0.141 0.003 0.005 0.015 0.000 0.014 0.014 0.014 0.014 0.006 0.005 0.004 0.008 0.002 0.012 0.010 0.002 0.006 0.002 0.010 
3.208 0.003 -0.101 0.008 0.011 0.002 0.007 0.008 0.009 0.003 0.009 0.003 0.000 0.002 0.003 0.008 0.015 0.004 0.006 0.003 0.006 
2.350 0.005 0.008 -0.189 0.001 0.009 0.010 0.002 0.010 0.015 0.003 0.006 0.007 0.005 0.007 0.008 0.015 0.009 0.014 0.008 0.007 
2.643 0.015 0.011 0.001 -0.131 0.011 0.014 0.003 0.003 0.008 0.008 0.009 0.012 0.010 0.003 0.004 0.012 0.003 0.015 0.012 0.013 
2.245 0.000 0.002 0.009 0.011 -0.164 0.000 0.009 0.003 0.013 0.011 0.011 0.008 0.015 0.002 0.011 0.012 0.002 0.009 0.007 0.001 
2.926 0.014 0.007 0.010 0.014 0.000 -0.103 0.009 0.001 0.001 0.010 0.004 0.009 0.013 0.005 0.009 0.004 0.013 0.011 0.006 0.006 
2.407 0.014 0.008 0.002 0.003 0.009 0.009 -0.173 0.013 0.001 0.007 0.013 0.014 0.001 0.011 0.006 0.015 0.001 0.009 0.009 0.010 
3.361 0.014 0.009 0.010 0.003 0.003 0.001 0.013 -0.125 0.004 0.011 0.005 0.009 0.005 0.000 0.007 0.006 0.007 0.003 0.010 0.011 
3.115 0.014 0.003 0.015 0.008 0.013 0.001 0.001 0.004 -0.193 0.009 0.010 0.002 0.012 0.005 0.013 0.009 0.014 0.003 0.011 0.002 
2.063 0.006 0.009 0.003 0.008 0.011 0.010 0.007 0.011 0.009 -0.138 0.012 0.011 0.002 0.011 0.000 0.005 0.010 0.006 0.006 0.011 
2.548 0.005 0.003 0.006 0.009 0.011 0.004 0.013 0.005 0.010 0.012 -0.176 0.005 0.008 0.007 0.002 0.000 0.007 0.010 0.011 0.012 
2.432 0.004 0.000 0.007 0.012 0.008 0.009 0.014 0.009 0.002 0.011 0.005 -0.178 0.014 0.015 0.004 0.007 0.002 0.004 0.010 0.009 
2.834 0.008 0.002 0.005 0.010 0.015 0.013 0.001 0.005 0.012 0.002 0.008 0.014 -0.125 0.014 0.011 0.012 0.004 0.003 0.007 0.012 
2.903 0.002 0.003 0.007 0.003 0.002 0.005 0.011 0.000 0.005 0.011 0.007 0.015 0.014 -0.164 0.005 0.001 0.014 0.004 0.003 0.005 
2.558 0.012 0.008 0.008 0.004 0.011 0.009 0.006 0.007 0.013 0.000 0.002 0.004 0.011 0.005 -0.186 0.012 0.006 0.004 0.000 0.010 
2.112 0.010 0.015 0.015 0.012 0.012 0.004 0.015 0.006 0.009 0.005 0.000 0.007 0.012 0.001 0.012 -0.161 0.003 0.000 0.011 0.004 
2.174 0.002 0.004 0.009 0.003 0.002 0.013 0.001 0.007 0.014 0.010 0.007 0.002 0.004 0.014 0.006 0.003 -0.169 0.005 0.003 0.003 
2.892 0.006 0.006 0.014 0.015 0.009 0.011 0.009 0.003 0.003 0.006 0.010 0.004 0.003 0.004 0.004 0.000 0.005 -0.181 0.008 0.005 
2.080 0.002 0.003 0.008 0.012 0.007 0.006 0.009 0.010 0.011 0.006 0.011 0.010 0.007 0.003 0.000 0.011 0.003 0.008 -0.161 0.010 
2.876 0.010 0.006 0.007 0.013 0.001 0.006 0.010 0.011 0.002 0.011 0.012 0.009 0.012 0.005 0.010 0.004 0.003 0.005 0.010 -0.137 




3.096 -0.141 0.003 0.005 0.015 0.000 0.014 0.014 0.014 0.014 0.006 0.005 0.004 0.008 0.002 0.012 0.010 0.002 0.006 0.002 0.010 
3.208 0.003 -0.101 0.008 0.011 0.002 0.007 0.008 0.009 0.003 0.009 0.003 0.000 0.002 0.003 0.008 0.015 0.004 0.006 0.003 0.006 
2.350 0.005 0.008 -0.189 0.001 0.009 0.010 0.002 0.010 0.015 0.003 0.006 0.007 0.005 0.007 0.008 0.015 0.009 0.014 0.008 0.007 
2.643 0.015 0.011 0.001 -0.131 0.011 0.014 0.003 0.003 0.008 0.008 0.009 0.012 0.010 0.003 0.004 0.012 0.003 0.015 0.012 0.013 
2.245 0.000 0.002 0.009 0.011 -0.164 0.000 0.009 0.003 0.013 0.011 0.011 0.008 0.015 0.002 0.011 0.012 0.002 0.009 0.007 0.001 
2.926 0.014 0.007 0.010 0.014 0.000 -0.103 0.009 0.001 0.001 0.010 0.004 0.009 0.013 0.005 0.009 0.004 0.013 0.011 0.006 0.006 
2.407 0.014 0.008 0.002 0.003 0.009 0.009 -0.173 0.013 0.001 0.007 0.013 0.014 0.001 0.011 0.006 0.015 0.001 0.009 0.009 0.010 
3.361 0.014 0.009 0.010 0.003 0.003 0.001 0.013 -0.125 0.004 0.011 0.005 0.009 0.005 0.000 0.007 0.006 0.007 0.003 0.010 0.011 
3.115 0.014 0.003 0.015 0.008 0.013 0.001 0.001 0.004 -0.193 0.009 0.010 0.002 0.012 0.005 0.013 0.009 0.014 0.003 0.011 0.002 
2.063 0.006 0.009 0.003 0.008 0.011 0.010 0.007 0.011 0.009 -0.138 0.012 0.011 0.002 0.011 0.000 0.005 0.010 0.006 0.006 0.011 
2.548 0.005 0.003 0.006 0.009 0.011 0.004 0.013 0.005 0.010 0.012 -0.176 0.005 0.008 0.007 0.002 0.000 0.007 0.010 0.011 0.012 
2.432 0.004 0.000 0.007 0.012 0.008 0.009 0.014 0.009 0.002 0.011 0.005 -0.178 0.014 0.015 0.004 0.007 0.002 0.004 0.010 0.009 
2.834 0.008 0.002 0.005 0.010 0.015 0.013 0.001 0.005 0.012 0.002 0.008 0.014 -0.125 0.014 0.011 0.012 0.004 0.003 0.007 0.012 
2.903 0.002 0.003 0.007 0.003 0.002 0.005 0.011 0.000 0.005 0.011 0.007 0.015 0.014 -0.164 0.005 0.001 0.014 0.004 0.003 0.005 
2.558 0.012 0.008 0.008 0.004 0.011 0.009 0.006 0.007 0.013 0.000 0.002 0.004 0.011 0.005 -0.186 0.012 0.006 0.004 0.000 0.010 
2.112 0.010 0.015 0.015 0.012 0.012 0.004 0.015 0.006 0.009 0.005 0.000 0.007 0.012 0.001 0.012 -0.161 0.003 0.000 0.011 0.004 
2.174 0.002 0.004 0.009 0.003 0.002 0.013 0.001 0.007 0.014 0.010 0.007 0.002 0.004 0.014 0.006 0.003 -0.169 0.005 0.003 0.003 
2.892 0.006 0.006 0.014 0.015 0.009 0.011 0.009 0.003 0.003 0.006 0.010 0.004 0.003 0.004 0.004 0.000 0.005 -0.181 0.008 0.005 
2.080 0.002 0.003 0.008 0.012 0.007 0.006 0.009 0.010 0.011 0.006 0.011 0.010 0.007 0.003 0.000 0.011 0.003 0.008 -0.161 0.010 
2.876 0.010 0.006 0.007 0.013 0.001 0.006 0.010 0.011 0.002 0.011 0.012 0.009 0.012 0.005 0.010 0.004 0.003 0.005 0.010 -0.137 




3.096 -0.141 0.003 0.005 0.015 0.000 0.014 0.014 0.014 0.014 0.006 0.005 0.004 0.008 0.002 0.012 0.010 0.002 0.006 0.002 0.010 
3.208 0.003 -0.101 0.008 0.011 0.002 0.007 0.008 0.009 0.003 0.009 0.003 0.000 0.002 0.003 0.008 0.015 0.004 0.006 0.003 0.006 
2.350 0.005 0.008 -0.189 0.001 0.009 0.010 0.002 0.010 0.015 0.003 0.006 0.007 0.005 0.007 0.008 0.015 0.009 0.014 0.008 0.007 
2.643 0.015 0.011 0.001 -0.131 0.011 0.014 0.003 0.003 0.008 0.008 0.009 0.012 0.010 0.003 0.004 0.012 0.003 0.015 0.012 0.013 
2.245 0.000 0.002 0.009 0.011 -0.164 0.000 0.009 0.003 0.013 0.011 0.011 0.008 0.015 0.002 0.011 0.012 0.002 0.009 0.007 0.001 
2.926 0.014 0.007 0.010 0.014 0.000 -0.103 0.009 0.001 0.001 0.010 0.004 0.009 0.013 0.005 0.009 0.004 0.013 0.011 0.006 0.006 
2.407 0.014 0.008 0.002 0.003 0.009 0.009 -0.173 0.013 0.001 0.007 0.013 0.014 0.001 0.011 0.006 0.015 0.001 0.009 0.009 0.010 
3.361 0.014 0.009 0.010 0.003 0.003 0.001 0.013 -0.125 0.004 0.011 0.005 0.009 0.005 0.000 0.007 0.006 0.007 0.003 0.010 0.011 
3.115 0.014 0.003 0.015 0.008 0.013 0.001 0.001 0.004 -0.193 0.009 0.010 0.002 0.012 0.005 0.013 0.009 0.014 0.003 0.011 0.002 
2.063 0.006 0.009 0.003 0.008 0.011 0.010 0.007 0.011 0.009 -0.138 0.012 0.011 0.002 0.011 0.000 0.005 0.010 0.006 0.006 0.011 
2.548 0.005 0.003 0.006 0.009 0.011 0.004 0.013 0.005 0.010 0.012 -0.176 0.005 0.008 0.007 0.002 0.000 0.007 0.010 0.011 0.012 
2.432 0.004 0.000 0.007 0.012 0.008 0.009 0.014 0.009 0.002 0.011 0.005 -0.178 0.014 0.015 0.004 0.007 0.002 0.004 0.010 0.009 
2.834 0.008 0.002 0.005 0.010 0.015 0.013 0.001 0.005 0.012 0.002 0.008 0.014 -0.125 0.014 0.011 0.012 0.004 0.003 0.007 0.012 
2.903 0.002 0.003 0.007 0.003 0.002 0.005 0.011 0.000 0.005 0.011 0.007 0.015 0.014 -0.164 0.005 0.001 0.014 0.004 0.003 0.005 
2.558 0.012 0.008 0.008 0.004 0.011 0.009 0.006 0.007 0.013 0.000 0.002 0.004 0.011 0.005 -0.186 0.012 0.006 0.004 0.000 0.010 
2.112 0.010 0.015 0.015 0.012 0.012 0.004 0.015 0.006 0.009 0.005 0.000 0.007 0.012 0.001 0.012 -0.161 0.003 0.000 0.011 0.004 
2.174 0.002 0.004 0.009 0.003 0.002 0.013 0.001 0.007 0.014 0.010 0.007 0.002 0.004 0.014 0.006 0.003 -0.169 0.005 0.003 0.003 
2.892 0.006 0.006 0.014 0.015 0.009 0.011 0.009 0.003 0.003 0.006 0.010 0.004 0.003 0.004 0.004 0.000 0.005 -0.181 0.008 0.005 
2.080 0.002 0.003 0.008 0.012 0.007 0.006 0.009 0.010 0.011 0.006 0.011 0.010 0.007 0.003 0.000 0.011 0.003 0.008 -0.161 0.010 
2.876 0.010 0.006 0.007 0.013 0.001 0.006 0.010 0.011 0.002 0.011 0.012 0.009 0.012 0.005 0.010 0.004 0.003 0.005 0.010 -0.137 




3.096 -0.141 0.003 0.005 0.015 0.000 0.014 0.014 0.014 0.014 0.006 0.005 0.004 0.008 0.002 0.012 0.010 0.002 0.006 0.002 0.010 
3.208 0.003 -0.101 0.008 0.011 0.002 0.007 0.008 0.009 0.003 0.009 0.003 0.000 0.002 0.003 0.008 0.015 0.004 0.006 0.003 0.006 
2.350 0.005 0.008 -0.189 0.001 0.009 0.010 0.002 0.010 0.015 0.003 0.006 0.007 0.005 0.007 0.008 0.015 0.009 0.014 0.008 0.007 
2.643 0.015 0.011 0.001 -0.131 0.011 0.014 0.003 0.003 0.008 0.008 0.009 0.012 0.010 0.003 0.004 0.012 0.003 0.015 0.012 0.013 
2.245 0.000 0.002 0.009 0.011 -0.164 0.000 0.009 0.003 0.013 0.011 0.011 0.008 0.015 0.002 0.011 0.012 0.002 0.009 0.007 0.001 
2.926 0.014 0.007 0.010 0.014 0.000 -0.103 0.009 0.001 0.001 0.010 0.004 0.009 0.013 0.005 0.009 0.004 0.013 0.011 0.006 0.006 
2.407 0.014 0.008 0.002 0.003 0.009 0.009 -0.173 0.013 0.001 0.007 0.013 0.014 0.001 0.011 0.006 0.015 0.001 0.009 0.009 0.010 
3.361 0.014 0.009 0.010 0.003 0.003 0.001 0.013 -0.125 0.004 0.011 0.005 0.009 0.005 0.000 0.007 0.006 0.007 0.003 0.010 0.011 
3.115 0.014 0.003 0.015 0.008 0.013 0.001 0.001 0.004 -0.193 0.009 0.010 0.002 0.012 0.005 0.013 0.009 0.014 0.003 0.011 0.002 
2.063 0.006 0.009 0.003 0.008 0.011 0.010 0.007 0.011 0.009 -0.138 0.012 0.011 0.002 0.011 0.000 0.005 0.010 0.006 0.006 0.011 
2.548 0.005 0.003 0.006 0.009 0.011 0.004 0.013 0.005 0.010 0.012 -0.176 0.005 0.008 0.007 0.002 0.000 0.007 0.010 0.011 0.012 
2.432 0.004 0.000 0.007 0.012 0.008 0.009 0.014 0.009 0.002 0.011 0.005 -0.178 0.014 0.015 0.004 0.007 0.002 0.004 0.010 0.009 
2.834 0.008 0.002 0.005 0.010 0.015 0.013 0.001 0.005 0.012 0.002 0.008 0.014 -0.125 0.014 0.011 0.012 0.004 0.003 0.007 0.012 
2.903 0.002 0.003 0.007 0.003 0.002 0.005 0.011 0.000 0.005 0.011 0.007 0.015 0.014 -0.164 0.005 0.001 0.014 0.004 0.003 0.005 
2.558 0.012 0.008 0.008 0.004 0.011 0.009 0.006 0.007 0.013 0.000 0.002 0.004 0.011 0.005 -0.186 0.012 0.006 0.004 0.000 0.010 
2.112 0.010 0.015 0.015 0.012 0.012 0.004 0.015 0.006 0.009 0.005 0.000 0.007 0.012 0.001 0.012 -0.161 0.003 0.000 0.011 0.004 
2.174 0.002 0.004 0.009 0.003 0.002 0.013 0.001 0.007 0.014 0.010 0.007 0.002 0.004 0.014 0.006 0.003 -0.169 0.005 0.003 0.003 
2.892 0.006 0.006 0.014 0.015 0.009 0.011 0.009 0.003 0.003 0.006 0.010 0.004 0.003 0.004 0.004 0.000 0.005 -0.181 0.008 0.005 
2.080 0.002 0.003 0.008 0.012 0.007 0.006 0.009 0.010 0.011 0.006 0.011 0.010 0.007 0.003 0.000 0.011 0.003 0.008 -0.161 0.010 
2.876 0.010 0.006 0.007 0.013 0.001 0.006 0.010 0.011 0.002 0.011 0.012 0.009 0.012 0.005 0.010 0.004 0.003 0.005 0.010 -0.137 




3.096 -0.141 0.003 0.005 0.015 0.000 0.014 0.014 0.014 0.014 0.006 0.005 0.004 0.008 0.002 0.012 0.010 0.002 0.006 0.002 0.010 
3.208 0.003 -0.101 0.008 0.011 0.002 0.007 0.008 0.009 0.003 0.009 0.003 0.000 0.002 0.003 0.008 0.015 0.004 0.006 0.003 0.006 
2.350 0.005 0.008 -0.189 0.001 0.009 0.010 0.002 0.010 0.015 0.003 0.006 0.007 0.005 0.007 0.008 0.015 0.009 0.014 0.008 0.007 
2.643 0.015 0.011 0.001 -0.131 0.011 0.014 0.003 0.003 0.008 0.008 0.009 0.012 0.010 0.003 0.004 0.012 0.003 0.015 0.012 0.013 
2.245 0.000 0.002 0.009 0.011 -0.164 0.000 0.009 0.003 0.013 0.011 0.011 0.008 0.015 0.002 0.011 0.012 0.002 0.009 0.007 0.001 
2.926 0.014 0.007 0.010 0.014 0.000 -0.103 0.009 0.001 0.001 0.010 0.004 0.009 0.013 0.005 0.009 0.004 0.013 0.011 0.006 0.006 
2.407 0.014 0.008 0.002 0.003 0.009 0.009 -0.173 0.013 0.001 0.007 0.013 0.014 0.001 0.011 0.006 0.015 0.001 0.009 0.009 0.010 
3.361 0.014 0.009 0.010 0.003 0.003 0.001 0.013 -0.125 0.004 0.011 0.005 0.009 0.005 0.000 0.007 0.006 0.007 0.003 0.010 0.011 
3.115 0.014 0.003 0.015 0.008 0.013 0.001 0.001 0.004 -0.193 0.009 0.010 0.002 0.012 0.005 0.013 0.009 0.014 0.003 0.011 0.002 
2.063 0.006 0.009 0.003 0.008 0.011 0.010 0.007 0.011 0.009 -0.138 0.012 0.011 0.002 0.011 0.000 0.005 0.010 0.006 0.006 0.011 
2.548 0.005 0.003 0.006 0.009 0.011 0.004 0.013 0.005 0.010 0.012 -0.176 0.005 0.008 0.007 0.002 0.000 0.007 0.010 0.011 0.012 
2.432 0.004 0.000 0.007 0.012 0.008 0.009 0.014 0.009 0.002 0.011 0.005 -0.178 0.014 0.015 0.004 0.007 0.002 0.004 0.010 0.009 
2.834 0.008 0.002 0.005 0.010 0.015 0.013 0.001 0.005 0.012 0.002 0.008 0.014 -0.125 0.014 0.011 0.012 0.004 0.003 0.007 0.012 
2.903 0.002 0.003 0.007 0.003 0.002 0.005 0.011 0.000 0.005 0.011 0.007 0.015 0.014 -0.164 0.005 0.001 0.014 0.004 0.003 0.005 
2.558 0.012 0.008 0.008 0.004 0.011 0.009 0.006 0.007 0.013 0.000 0.002 0.004 0.011 0.005 -0.186 0.012 0.006 0.004 0.000 0.010 
2.112 0.010 0.015 0.015 0.012 0.012 0.004 0.015 0.006 0.009 0.005 0.000 0.007 0.012 0.001 0.012 -0.161 0.003 0.000 0.011 0.004 
2.174 0.002 0.004 0.009 0.003 0.002 0.013 0.001 0.007 0.014 0.010 0.007 0.002 0.004 0.014 0.006 0.003 -0.169 0.005 0.003 0.003 
2.892 0.006 0.006 0.014 0.015 0.009 0.011 0.009 0.003 0.003 0.006 0.010 0.004 0.003 0.004 0.004 0.000 0.005 -0.181 0.008 0.005 
2.080 0.002 0.003 0.008 0.012 0.007 0.006 0.009 0.010 0.011 0.006 0.011 0.010 0.007 0.003 0.000 0.011 0.003 0.008 -0.161 0.010 
2.876 0.010 0.006 0.007 0.013 0.001 0.006 0.010 0.011 0.002 0.011 0.012 0.009 0.012 0.005 0.010 0.004 0.003 0.005 0.010 -0.137 




3.096 -0.141 0.003 0.005 0.015 0.000 0.014 0.014 0.014 0.014 0.006 0.005 0.004 0.008 0.002 0.012 0.010 0.002 0.006 0.002 0.010 
3.208 0.003 -0.101 0.008 0.011 0.002 0.007 0.008 0.009 0.003 0.009 0.003 0.000 0.002 0.003 0.008 0.015 0.004 0.006 0.003 0.006 
2.350 0.005 0.008 -0.189 0.001 0.009 0.010 0.002 0.010 0.015 0.003 0.006 0.007 0.005 0.007 0.008 0.015 0.009 0.014 0.008 0.007 
2.643 0.015 0.011 0.001 -0.131 0.011 0.014 0.003 0.003 0.008 0.008 0.009 0.012 0.010 0.003 0.004 0.012 0.003 0.015 0.012 0.013 
2.245 0.000 0.002 0.009 0.011 -0.164 0.000 0.009 0.003 0.013 0.011 0.011 0.008 0.015 0.002 0.011 0.012 0.002 0.009 0.007 0.001 
2.926 0.014 0.007 0.010 0.014 0.000 -0.103 0.009 0.001 0.001 0.010 0.004 0.009 0.013 0.005 0.009 0.004 0.013 0.011 0.006 0.006 
2.407 0.014 0.008 0.002 0.003 0.009 0.009 -0.173 0.013 0.001 0.007 0.013 0.014 0.001 0.011 0.006 0.015 0.001 0.009 0.009 0.010 
3.361 0.014 0.009 0.010 0.003 0.003 0.001 0.013 -0.125 0.004 0.011 0.005 0.009 0.005 0.000 0.007 0.006 0.007 0.003 0.010 0.011 
3.115 0.014 0.003 0.015 0.008 0.013 0.001 0.001 0.004 -0.193 0.009 0.010 0.002 0.012 0.005 0.013 0.009 0.014 0.003 0.011 0.002 
2.063 0.006 0.009 0.003 0.008 0.011 0.010 0.007 0.011 0.009 -0.138 0.012 0.011 0.002 0.011 0.000 0.005 0.010 0.006 0.006 0.011 
2.548 0.005 0.003 0.006 0.009 0.011 0.004 0.013 0.005 0.010 0.012 -0.176 0.005 0.008 0.007 0.002 0.000 0.007 0.010 0.011 0.012 
2.432 0.004 0.000 0.007 0.012 0.008 0.009 0.014 0.009 0.002 0.011 0.005 -0.178 0.014 0.015 0.004 0.007 0.002 0.004 0.010 0.009 
2.834 0.008 0.002 0.005 0.010 0.015 0.013 0.001 0.005 0.012 0.002 0.008 0.014 -0.125 0.014 0.011 0.012 0.004 0.003 0.007 0.012 
2.903 0.002 0.003 0.007 0.003 0.002 0.005 0.011 0.000 0.005 0.011 0.007 0.015 0.014 -0.164 0.005 0.001 0.014 0.004 0.003 0.005 
2.558 0.012 0.008 0.008 0.004 0.011 0.009 0.006 0.007 0.013 0.000 0.002 0.004 0.011 0.005 -0.186 0.012 0.006 0.004 0.000 0.010 
2.112 0.010 0.015 0.015 0.012 0.012 0.004 0.015 0.006 0.009 0.005 0.000 0.007 0.012 0.001 0.012 -0.161 0.003 0.000 0.011 0.004 
2.174 0.002 0.004 0.009 0.003 0.002 0.013 0.001 0.007 0.014 0.010 0.007 0.002 0.004 0.014 0.006 0.003 -0.169 0.005 0.003 0.003 
2.892 0.006 0.006 0.014 0.015 0.009 0.011 0.009 0.003 0.003 0.006 0.010 0.004 0.003 0.004 0.004 0.000 0.005 -0.181 0.008 0.005 
2.080 0.002 0.003 0.008 0.012 0.007 0.006 0.009 0.010 0.011 0.006 0.011 0.010 0.007 0.003 0.000 0.011 0.003 0.008 -0.161 0.010 
2.876 0.010 0.006 0.007 0.013 0.001 0.006 0.010 0.011 0.002 0.011 0.012 0.009 0.012 0.005 0.010 0.004 0.003 0.005 0.010 -0.137 




3.096 -0.141 0.003 0.005 0.015 0.000 0.014 0.014 0.014 0.014 0.006 0.005 0.004 0.008 0.002 0.012 0.010 0.002 0.006 0.002 0.010 
3.208 0.003 -0.101 0.008 0.011 0.002 0.007 0.008 0.009 0.003 0.009 0.003 0.000 0.002 0.003 0.008 0.015 0.004 0.006 0.003 0.006 
2.350 0.005 0.008 -0.189 0.001 0.009 0.010 0.002 0.010 0.015 0.003 0.006 0.007 0.005 0.007 0.008 0.015 0.009 0.014 0.008 0.007 
2.643 0.015 0.011 0.001 -0.131 0.011 0.014 0.003 0.003 0.008 0.008 0.009 0.012 0.010 0.003 0.004 0.012 0.003 0.015 0.012 0.013 
2.245 0.000 0.002 0.009 0.011 -0.164 0.000 0.009 0.003 0.013 0.011 0.011 0.008 0.015 0.002 0.011 0.012 0.002 0.009 0.007 0.001 
2.926 0.014 0.007 0.010 0.014 0.000 -0.103 0.009 0.001 0.001 0.010 0.004 0.009 0.013 0.005 0.009 0.004 0.013 0.011 0.006 0.006 
2.407 0.014 0.008 0.002 0.003 0.009 0.009 -0.173 0.013 0.001 0.007 0.013 0.014 0.001 0.011 0.006 0.015 0.001 0.009 0.009 0.010 
3.361 0.014 0.009 0.010 0.003 0.003 0.001 0.013 -0.125 0.004 0.011 0.005 0.009 0.005 0.000 0.007 0.006 0.007 0.003 0.010 0.011 
3.115 0.014 0.003 0.015 0.008 0.013 0.001 0.001 0.004 -0.193 0.009 0.010 0.002 0.012 0.005 0.013 0.009 0.014 0.003 0.011 0.002 
2.063 0.006 0.009 0.003 0.008 0.011 0.010 0.007 0.011 0.009 -0.138 0.012 0.011 0.002 0.011 0.000 0.005 0.010 0.006 0.006 0.011 
2.548 0.005 0.003 0.006 0.009 0.011 0.004 0.013 0.005 0.010 0.012 -0.176 0.005 0.008 0.007 0.002 0.000 0.007 0.010 0.011 0.012 
2.432 0.004 0.000 0.007 0.012 0.008 0.009 0.014 0.009 0.002 0.011 0.005 -0.178 0.014 0.015 0.004 0.007 0.002 0.004 0.010 0.009 
2.834 0.008 0.002 0.005 0.010 0.015 0.013 0.001 0.005 0.012 0.002 0.008 0.014 -0.125 0.014 0.011 0.012 0.004 0.003 0.007 0.012 
2.903 0.002 0.003 0.007 0.003 0.002 0.005 0.011 0.000 0.005 0.011 0.007 0.015 0.014 -0.164 0.005 0.001 0.014 0.004 0.003 0.005 
2.558 0.012 0.008 0.008 0.004 0.011 0.009 0.006 0.007 0.013 0.000 0.002 0.004 0.011 0.005 -0.186 0.012 0.006 0.004 0.000 0.010 
2.112 0.010 0.015 0.015 0.012 0.012 0.004 0.015 0.006 0.009 0.005 0.000 0.007 0.012 0.001 0.012 -0.161 0.003 0.000 0.011 0.004 
2.174 0.002 0.004 0.009 0.003 0.002 0.013 0.001 0.007 0.014 0.010 0.007 0.002 0.004 0.014 0.006 0.003 -0.169 0.005 0.003 0.003 
2.892 0.006 0.006 0.014 0.015 0.009 0.011 0.009 0.003 0.003 0.006 0.010 0.004 0.003 0.004 0.004 0.000 0.005 -0.181 0.008 0.005 
2.080 0.002 0.003 0.008 0.012 0.007 0.006 0.009 0.010 0.011 0.006 0.011 0.010 0.007 0.003 0.000 0.011 0.003 0.008 -0.161 0.010 
2.876 0.010 0.006 0.007 0.013 0.001 0.006 0.010 0.011 0.002 0.011 0.012 0.009 0.012 0.005 0.010 0.004 0.003 0.005 0.010 -0.137 




3.096 -0.141 0.003 0.005 0.015 0.000 0.014 0.014 0.014 0.014 0.006 0.005 0.004 0.008 0.002 0.012 0.010 0.002 0.006 0.002 0.010 
3.208 0.003 -0.101 0.008 0.011 0.002 0.007 0.008 0.009 0.003 0.009 0.003 0.000 0.002 0.003 0.008 0.015 0.004 0.006 0.003 0.006 
2.350 0.005 0.008 -0.189 0.001 0.009 0.010 0.002 0.010 0.015 0.003 0.006 0.007 0.005 0.007 0.008 0.015 0.009 0.014 0.008 0.007 
2.643 0.015 0.011 0.001 -0.131 0.011 0.014 0.003 0.003 0.008 0.008 0.009 0.012 0.010 0.003 0.004 0.012 0.003 0.015 0.012 0.013 
2.245 0.000 0.002 0.009 0.011 -0.164 0.000 0.009 0.003 0.013 0.011 0.011 0.008 0.015 0.002 0.011 0.012 0.002 0.009 0.007 0.001 
2.926 0.014 0.007 0.010 0.014 0.000 -0.103 0.009 0.001 0.001 0.010 0.004 0.009 0.013 0.005 0.009 0.004 0.013 0.011 0.006 0.006 
2.407 0.014 0.008 0.002 0.003 0.009 0.009 -0.173 0.013 0.001 0.007 0.013 0.014 0.001 0.011 0.006 0.015 0.001 0.009 0.009 0.010 
3.361 0.014 0.009 0.010 0.003 0.003 0.001 0.013 -0.125 0.004 0.011 0.005 0.009 0.005 0.000 0.007 0.006 0.007 0.003 0.010 0.011 
3.115 0.014 0.003 0.015 0.008 0.013 0.001 0.001 0.004 -0.193 0.009 0.010 0.002 0.012 0.005 0.013 0.009 0.014 0.003 0.011 0.002 
2.063 0.006 0.009 0.003 0.008 0.011 0.010 0.007 0.011 0.009 -0.138 0.012 0.011 0.002 0.011 0.000 0.005 0.010 0.006 0.006 0.011 
2.548 0.005 0.003 0.006 0.009 0.011 0.004 0.013 0.005 0.010 0.012 -0.176 0.005 0.008 0.007 0.002 0.000 0.007 0.010 0.011 0.012 
2.432 0.004 0.000 0.007 0.012 0.008 0.009 0.014 0.009 0.002 0.011 0.005 -0.178 0.014 0.015 0.004 0.007 0.002 0.004 0.010 0.009 
2.834 0.008 0.002 0.005 0.010 0.015 0.013 0.001 0.005 0.012 0.002 0.008 0.014 -0.125 0.014 0.011 0.012 0.004 0.003 0.007 0.012 
2.903 0.002 0.003 0.007 0.003 0.002 0.005 0.011 0.000 0.005 0.011 0.007 0.015 0.014 -0.164 0.005 0.001 0.014 0.004 0.003 0.005 
2.558 0.012 0.008 0.008 0.004 0.011 0.009 0.006 0.007 0.013 0.000 0.002 0.004 0.011 0.005 -0.186 0.012 0.006 0.004 0.000 0.010 
2.112 0.010 0.015 0.015 0.012 0.012 0.004 0.015 0.006 0.009 0.005 0.000 0.007 0.012 0.001 0.012 -0.161 0.003 0.000 0.011 0.004 
2.174 0.002 0.004 0.009 0.003 0.002 0.013 0.001 0.007 0.014 0.010 0.007 0.002 0.004 0.014 0.006 0.003 -0.169 0.005 0.003 0.003 
2.892 0.006 0.006 0.014 0.015 0.009 0.011 0.009 0.003 0.003 0.006 0.010 0.004 0.003 0.004 0.004 0.000 0.005 -0.181 0.008 0.005 
2.080 0.002 0.003 0.008 0.012 0.007 0.006 0.009 0.010 0.011 0.006 0.011 0.010 0.007 0.003 0.000 0.011 0.003 0.008 -0.161 0.010 
2.876 0.010 0.006 0.007 0.013 0.001 0.006 0.010 0.011 0.002 0.011 0.012 0.009 0.012 0.005 0.010 0.004 0.003 0.005 0.010 -0.137 




3.096 -0.141 0.003 0.005 0.015 0.000 0.014 0.014 0.014 0.014 0.006 0.005 0.004 0.008 0.002 0.012 0.010 0.002 0.006 0.002 0.010 
3.208 0.003 -0.101 0.008 0.011 0.002 0.007 0.008 0.009 0.003 0.009 0.003 0.000 0.002 0.003 0.008 0.015 0.004 0.006 0.003 0.006 
2.350 0.005 0.008 -0.189 0.001 0.009 0.010 0.002 0.010 0.015 0.003 0.006 0.007 0.005 0.007 0.008 0.015 0.009 0.014 0.008 0.007 
2.643 0.015 0.011 0.001 -0.131 0.011 0.014 0.003 0.003 0.008 0.008 0.009 0.012 0.010 0.003 0.004 0.012 0.003 0.015 0.012 0.013 
2.245 0.000 0.002 0.009 0.011 -0.164 0.000 0.009 0.003 0.013 0.011 0.011 0.008 0.015 0.002 0.011 0.012 0.002 0.009 0.007 0.001 
2.926 0.014 0.007 0.010 0.014 0.000 -0.103 0.009 0.001 0.001 0.010 0.004 0.009 0.013 0.005 0.009 0.004 0.013 0.011 0.006 0.006 
2.407 0.014 0.008 0.002 0.003 0.009 0.009 -0.173 0.013 0.001 0.007 0.013 0.014 0.001 0.011 0.006 0.015 0.001 0.009 0.009 0.010 
3.361 0.014 0.009 0.010 0.003 0.003 0.001 0.013 -0.125 0.004 0.011 0.005 0.009 0.005 0.000 0.007 0.006 0.007 0.003 0.010 0.011 
3.115 0.014 0.003 0.015 0.008 0.013 0.001 0.001 0.004 -0.193 0.009 0.010 0.002 0.012 0.005 0.013 0.009 0.014 0.003 0.011 0.002 
2.063 0.006 0.009 0.003 0.008 0.011 0.010 0.007 0.011 0.009 -0.138 0.012 0.011 0.002 0.011 0.000 0.005 0.010 0.006 0.006 0.011 
2.548 0.005 0.003 0.006 0.009 0.011 0.004 0.013 0.005 0.010 0.012 -0.176 0.005 0.008 0.007 0.002 0.000 0.007 0.010 0.011 0.012 
2.432 0.004 0.000 0.007 0.012 0.008 0.009 0.014 0.009 0.002 0.011 0.005 -0.178 0.014 0.015 0.004 0.007 0.002 0.004 0.010 0.009 
2.834 0.008 0.002 0.005 0.010 0.015 0.013 0.001 0.005 0.012 0.002 0.008 0.014 -0.125 0.014 0.011 0.012 0.004 0.003 0.007 0.012 
2.903 0.002 0.003 0.007 0.003 0.002 0.005 0.011 0.000 0.005 0.011 0.007 0.015 0.014 -0.164 0.005 0.001 0.014 0.004 0.003 0.005 
2.558 0.012 0.008 0.008 0.004 0.011 0.009 0.006 0.007 0.013 0.000 0.002 0.004 0.011 0.005 -0.186 0.012 0.006 0.004 0.000 0.010 
2.112 0.010 0.015 0.015 0.012 0.012 0.004 0.015 0.006 0.009 0.005 0.000 0.007 0.012 0.001 0.012 -0.161 0.003 0.000 0.011 0.004 
2.174 0.002 0.004 0.009 0.003 0.002 0.013 0.001 0.007 0.014 0.010 0.007 0.002 0.004 0.014 0.006 0.003 -0.169 0.005 0.003 0.003 
2.892 0.006 0.006 0.014 0.015 0.009 0.011 0.009 0.003 0.003 0.006 0.010 0.004 0.003 0.004 0.004 0.000 0.005 -0.181 0.008 0.005 
2.080 0.002 0.003 0.008 0.012 0.007 0.006 0.009 0.010 0.011 0.006 0.011 0.010 0.007 0.003 0.000 0.011 0.003 0.008 -0.161 0.010 
2.876 0.010 0.006 0.007 0.013 0.001 0.006 0.010 0.011 0.002 0.011 0.012 0.009 0.012 0.005 0.010 0.004 0.003 0.005 0.010 -0.137 




3.096 -0.141 0.003 0.005 0.015 0.000 0.014 0.014 0.014 0.014 0.006 0.005 0.004 0.008 0.002 0.012 0.010 0.002 0.006 0.002 0.010 
3.208 0.003 -0.101 0.008 0.011 0.002 0.007 0.008 0.009 0.003 0.009 0.003 0.000 0.002 0.003 0.008 0.015 0.004 0.006 0.003 0.006 
2.350 0.005 0.008 -0.189 0.001 0.009 0.010 0.002 0.010 0.015 0.003 0.006 0.007 0.005 0.007 0.008 0.015 0.009 0.014 0.008 0.007 
2.643 0.015 0.011 0.001 -0.131 0.011 0.014 0.003 0.003 0.008 0.008 0.009 0.012 0.010 0.003 0.004 0.012 0.003 0.015 0.012 0.013 
2.245 0.000 0.002 0.009 0.011 -0.164 0.000 0.009 0.003 0.013 0.011 0.011 0.008 0.015 0.002 0.011 0.012 0.002 0.009 0.007 0.001 
2.926 0.014 0.007 0.010 0.014 0.000 -0.103 0.009 0.001 0.001 0.010 0.004 0.009 0.013 0.005 0.009 0.004 0.013 0.011 0.006 0.006 
2.407 0.014 0.008 0.002 0.003 0.009 0.009 -0.173 0.013 0.001 0.007 0.013 0.014 0.001 0.011 0.006 0.015 0.001 0.009 0.009 0.010 
3.361 0.014 0.009 0.010 0.003 0.003 0.001 0.013 -0.125 0.004 0.011 0.005 0.009 0.005 0.000 0.007 0.006 0.007 0.003 0.010 0.011 
3.115 0.014 0.003 0.015 0.008 0.013 0.001 0.001 0.004 -0.193 0.009 0.010 0.002 0.012 0.005 0.013 0.009 0.014 0.003 0.011 0.002 
2.063 0.006 0.009 0.003 0.008 0.011 0.010 0.007 0.011 0.009 -0.138 0.012 0.011 0.002 0.011 0.000 0.005 0.010 0.006 0.006 0.011 
2.548 0.005 0.003 0.006 0.009 0.011 0.004 0.013 0.005 0.010 0.012 -0.176 0.005 0.008 0.007 0.002 0.000 0.007 0.010 0.011 0.012 
2.432 0.004 0.000 0.007 0.012 0.008 0.009 0.014 0.009 0.002 0.011 0.005 -0.178 0.014 0.015 0.004 0.007 0.002 0.004 0.010 0.009 
2.834 0.008 0.002 0.005 0.010 0.015 0.013 0.001 0.005 0.012 0.002 0.008 0.014 -0.125 0.014 0.011 0.012 0.004 0.003 0.007 0.012 
2.903 0.002 0.003 0.007 0.003 0.002 0.005 0.011 0.000 0.005 0.011 0.007 0.015 0.014 -0.164 0.005 0.001 0.014 0.004 0.003 0.005 
2.558 0.012 0.008 0.008 0.004 0.011 0.009 0.006 0.007 0.013 0.000 0.002 0.004 0.011 0.005 -0.186 0.012 0.006 0.004 0.000 0.010 
2.112 0.010 0.015 0.015 0.012 0.012 0.004 0.015 0.006 0.009 0.005 0.000 0.007 0.012 0.001 0.012 -0.161 0.003 0.000 0.011 0.004 
2.174 0.002 0.004 0.009 0.003 0.002 0.013 0.001 0.007 0.014 0.010 0.007 0.002 0.004 0.014 0.006 0.003 -0.169 0.005 0.003 0.003 
2.892 0.006 0.006 0.014 0.015 0.009 0.011 0.009 0.003 0.003 0.006 0.010 0.004 0.003 0.004 0.004 0.000 0.005 -0.181 0.008 0.005 
2.080 0.002 0.003 0.008 0.012 0.007 0.006 0.009 0.010 0.011 0.006 0.011 0.010 0.007 0.003 0.000 0.011 0.003 0.008 -0.161 0.010 
2.876 0.010 0.006 0.007 0.013 0.001 0.006 0.010 0.011 0.002 0.011 0.012 0.009 0.012 0.005 0.010 0.004 0.003 0.005 0.010 -0.137 




3.096 -0.141 0.003 0.005 0.015 0.000 0.014 0.014 0.014 0.014 0.006 0.005 0.004 0.008 0.002 0.012 0.010 0.002 0.006 0.002 0.010 
3.208 0.003 -0.101 0.008 0.011 0.002 0.007 0.008 0.009 0.003 0.009 0.003 0.000 0.002 0.003 0.008 0.015 0.004 0.006 0.003 0.006 
2.350 0.005 0.008 -0.189 0.001 0.009 0.010 0.002 0.010 0.015 0.003 0.006 0.007 0.005 0.007 0.008 0.015 0.009 0.014 0.008 0.007 
2.643 0.015 0.011 0.001 -0.131 0.011 0.014 0.003 0.003 0.008 0.008 0.009 0.012 0.010 0.003 0.004 0.012 0.003 0.015 0.012 0.013 
2.245 0.000 0.002 0.009 0.011 -0.164 0.000 0.009 0.003 0.013 0.011 0.011 0.008 0.015 0.002 0.011 0.012 0.002 0.009 0.007 0.001 
2.926 0.014 0.007 0.010 0.014 0.000 -0.103 0.009 0.001 0.001 0.010 0.004 0.009 0.013 0.005 0.009 0.004 0.013 0.011 0.006 0.006 
2.407 0.014 0.008 0.002 0.003 0.009 0.009 -0.173 0.013 0.001 0.007 0.013 0.014 0.001 0.011 0.006 0.015 0.001 0.009 0.009 0.010 
3.361 0.014 0.009 0.010 0.003 0.003 0.001 0.013 -0.125 0.004 0.011 0.005 0.009 0.005 0.000 0.007 0.006 0.007 0.003 0.010 0.011 
3.115 0.014 0.003 0.015 0.008 0.013 0.001 0.001 0.004 -0.193 0.009 0.010 0.002 0.012 0.005 0.013 0.009 0.014 0.003 0.011 0.002 
2.063 0.006 0.009 0.003 0.008 0.011 0.010 0.007 0.011 0.009 -0.138 0.012 0.011 0.002 0.011 0.000 0.005 0.010 0.006 0.006 0.011 
2.548 0.005 0.003 0.006 0.009 0.011 0.004 0.013 0.005 0.010 0.012 -0.176 0.005 0.008 0.007 0.002 0.000 0.007 0.010 0.011 0.012 
2.432 0.004 0.000 0.007 0.012 0.008 0.009 0.014 0.009 0.002 0.011 0.005 -0.178 0.014 0.015 0.004 0.007 0.002 0.004 0.010 0.009 
2.834 0.008 0.002 0.005 0.010 0.015 0.013 0.001 0.005 0.012 0.002 0.008 0.014 -0.125 0.014 0.011 0.012 0.004 0.003 0.007 0.012 
2.903 0.002 0.003 0.007 0.003 0.002 0.005 0.011 0.000 0.005 0.011 0.007 0.015 0.014 -0.164 0.005 0.001 0.014 0.004 0.003 0.005 
2.558 0.012 0.008 0.008 0.004 0.011 0.009 0.006 0.007 0.013 0.000 0.002 0.004 0.011 0.005 -0.186 0.012 0.006 0.004 0.000 0.010 
2.112 0.010 0.015 0.015 0.012 0.012 0.004 0.015 0.006 0.009 0.005 0.000 0.007 0.012 0.001 0.012 -0.161 0.003 0.000 0.011 0.004 
2.174 0.002 0.004 0.009 0.003 0.002 0.013 0.001 0.007 0.014 0.010 0.007 0.002 0.004 0.014 0.006 0.003 -0.169 0.005 0.003 0.003 
2.892 0.006 0.006 0.014 0.015 0.009 0.011 0.009 0.003 0.003 0.006 0.010 0.004 0.003 0.004 0.004 0.000 0.005 -0.181 0.008 0.005 
2.080 0.002 0.003 0.008 0.012 0.007 0.006 0.009 0.010 0.011 0.006 0.011 0.010 0.007 0.003 0.000 0.011 0.003 0.008 -0.161 0.010 
2.876 0.010 0.006 0.007 0.013 0.001 0.006 0.010 0.011 0.002 0.011 0.012 0.009 0.012 0.005 0.010 0.004 0.003 0.005 0.010 -0.137 




3.096 -0.141 0.003 0.005 0.015 0.000 0.014 0.014 0.014 0.014 0.006 0.005 0.004 0.008 0.002 0.012 0.010 0.002 0.006 0.002 0.010 
3.208 0.003 -0.101 0.008 0.011 0.002 0.007 0.008 0.009 0.003 0.009 0.003 0.000 0.002 0.003 0.008 0.015 0.004 0.006 0.003 0.006 
2.350 0.005 0.008 -0.189 0.001 0.009 0.010 0.002 0.010 0.015 0.003 0.006 0.007 0.005 0.007 0.008 0.015 0.009 0.014 0.008 0.007 
2.643 0.015 0.011 0.001 -0.131 0.011 0.014 0.003 0.003 0.008 0.008 0.009 0.012 0.010 0.003 0.004 0.012 0.003 0.015 0.012 0.013 
2.245 0.000 0.002 0.009 0.011 -0.164 0.000 0.009 0.003 0.013 0.011 0.011 0.008 0.015 0.002 0.011 0.012 0.002 0.009 0.007 0.001 
2.926 0.014 0.007 0.010 0.014 0.000 -0.103 0.009 0.001 0.001 0.010 0.004 0.009 0.013 0.005 0.009 0.004 0.013 0.011 0.006 0.006 
2.407 0.014 0.008 0.002 0.003 0.009 0.009 -0.173 0.013 0.001 0.007 0.013 0.014 0.001 0.011 0.006 0.015 0.001 0.009 0.009 0.010 
3.361 0.014 0.009 0.010 0.003 0.003 0.001 0.013 -0.125 0.004 0.011 0.005 0.009 0.005 0.000 0.007 0.006 0.007 0.003 0.010 0.011 
3.115 0.014 0.003 0.015 0.008 0.013 0.001 0.001 0.004 -0.193 0.009 0.010 0.002 0.012 0.005 0.013 0.009 0.014 0.003 0.011 0.002 
2.063 0.006 0.009 0.003 0.008 0.011 0.010 0.007 0.011 0.009 -0.138 0.012 0.011 0.002 0.011 0.000 0.005 0.010 0.006 0.006 0.011 
2.548 0.005 0.003 0.006 0.009 0.011 0.004 0.013 0.005 0.010 0.012 -0.176 0.005 0.008 0.007 0.002 0.000 0.007 0.010 0.011 0.012 
2.432 0.004 0.000 0.007 0.012 0.008 0.009 0.014 0.009 0.002 0.011 0.005 -0.178 0.014 0.015 0.004 0.007 0.002 0.004 0.010 0.009 
2.834 0.008 0.002 0.005 0.010 0.015 0.013 0.001 0.005 0.012 0.002 0.008 0.014 -0.125 0.014 0.011 0.012 0.004 0.003 0.007 0.012 
2.903 0.002 0.003 0.007 0.003 0.002 0.005 0.011 0.000 0.005 0.011 0.007 0.015 0.014 -0.164 0.005 0.001 0.014 0.004 0.003 0.005 
2.558 0.012 0.008 0.008 0.004 0.011 0.009 0.006 0.007 0.013 0.000 0.002 0.004 0.011 0.005 -0.186 0.012 0.006 0.004 0.000 0.010 
2.112 0.010 0.015 0.015 0.012 0.012 0.004 0.015 0.006 0.009 0.005 0.000 0.007 0.012 0.001 0.012 -0.161 0.003 0.000 0.011 0.004 
2.174 0.002 0.004 0.009 0.003 0.002 0.013 0.001 0.007 0.014 0.010 0.007 0.002 0.004 0.014 0.006 0.003 -0.169 0.005 0.003 0.003 
2.892 0.006 0.006 0.014 0.015 0.009 0.011 0.009 0.003 0.003 0.006 0.010 0.004 0.003 0.004 0.004 0.000 0.005 -0.181 0.008 0.005 
2.080 0.002 0.003 0.008 0.012 0.007 0.006 0.009 0.010 0.011 0.006 0.011 0.010 0.007 0.003 0.000 0.011 0.003 0.008 -0.161 0.010 
2.876 0.010 0.006 0.007 0.013 0.001 0.006 0.010 0.011 0.002 0.011 0.012 0.009 0.012 0.005 0.010 0.004 0.003 0.005 0.010 -0.137 




3.096 -0.141 0.003 0.005 0.015 0.000 0.014 0.014 0.014 0.014 0.006 0.005 0.004 0.008 0.002 0.012 0.010 0.002 0.006 0.002 0.010 
3.208 0.003 -0.101 0.008 0.011 0.002 0.007 0.008 0.009 0.003 0.009 0.003 0.000 0.002 0.003 0.008 0.015 0.004 0.006 0.003 0.006 
2.350 0.005 0.008 -0.189 0.001 0.009 0.010 0.002 0.010 0.015 0.003 0.006 0.007 0.005 0.007 0.008 0.015 0.009 0.014 0.008 0.007 
2.643 0.015 0.011 0.001 -0.131 0.011 0.014 0.003 0.003 0.008 0.008 0.009 0.012 0.010 0.003 0.004 0.012 0.003 0.015 0.012 0.013 
2.245 0.000 0.002 0.009 0.011 -0.164 0.000 0.009 0.003 0.013 0.011 0.011 0.008 0.015 0.002 0.011 0.012 0.002 0.009 0.007 0.001 
2.926 0.014 0.007 0.010 0.014 0.000 -0.103 0.009 0.001 0.001 0.010 0.004 0.009 0.013 0.005 0.009 0.004 0.013 0.011 0.006 0.006 
2.407 0.014 0.008 0.002 0.003 0.009 0.009 -0.173 0.013 0.001 0.007 0.013 0.014 0.001 0.011 0.006 0.015 0.001 0.009 0.009 0.010 
3.361 0.014 0.009 0.010 0.003 0.003 0.001 0.013 -0.125 0.004 0.011 0.005 0.009 0.005 0.000 0.007 0.006 0.007 0.003 0.010 0.011 
3.115 0.014 0.003 0.015 0.008 0.013 0.001 0.001 0.004 -0.193 0.009 0.010 0.002 0.012 0.005 0.013 0.009 0.014 0.003 0.011 0.002 
2.063 0.006 0.009 0.003 0.008 0.011 0.010 0.007 0.011 0.009 -0.138 0.012 0.011 0.002 0.011 0.000 0.005 0.010 0.006 0.006 0.011 
2.548 0.005 0.003 0.006 0.009 0.011 0.004 0.013 0.005 0.010 0.012 -0.176 0.005 0.008 0.007 0.002 0.000 0.007 0.010 0.011 0.012 
2.432 0.004 0.000 0.007 0.012 0.008 0.009 0.014 0.009 0.002 0.011 0.005 -0.178 0.014 0.015 0.004 0.007 0.002 0.004 0.010 0.009 
2.834 0.008 0.002 0.005 0.010 0.015 0.013 0.001 0.005 0.012 0.002 0.008 0.014 -0.125 0.014 0.011 0.012 0.004 0.003 0.007 0.012 
2.903 0.002 0.003 0.007 0.003 0.002 0.005 0.011 0.000 0.005 0.011 0.007 0.015 0.014 -0.164 0.005 0.001 0.014 0.004 0.003 0.005 
2.558 0.012 0.008 0.008 0.004 0.011 0.009 0.006 0.007 0.013 0.000 0.002 0.004 0.011 0.005 -0.186 0.012 0.006 0.004 0.000 0.010 
2.112 0.010 0.015 0.015 0.012 0.012 0.004 0.015 0.006 0.009 0.005 0.000 0.007 0.012 0.001 0.012 -0.161 0.003 0.000 0.011 0.004 
2.174 0.002 0.004 0.009 0.003 0.002 0.013 0.001 0.007 0.014 0.010 0.007 0.002 0.004 0.014 0.006 0.003 -0.169 0.005 0.003 0.003 
2.892 0.006 0.006 0.014 0.015 0.009 0.011 0.009 0.003 0.003 0.006 0.010 0.004 0.003 0.004 0.004 0.000 0.005 -0.181 0.008 0.005 
2.080 0.002 0.003 0.008 0.012 0.007 0.006 0.009 0.010 0.011 0.006 0.011 0.010 0.007 0.003 0.000 0.011 0.003 0.008 -0.161 0.010 
2.876 0.010 0.006 0.007 0.013 0.001 0.006 0.010 0.011 0.002 0.011 0.012 0.009 0.012 0.005 0.010 0.004 0.003 0.005 0.010 -0.137 




3.096 -0.141 0.003 0.005 0.015 0.000 0.014 0.014 0.014 0.014 0.006 0.005 0.004 0.008 0.002 0.012 0.010 0.002 0.006 0.002 0.010 
3.208 0.003 -0.101 0.008 0.011 0.002 0.007 0.008 0.009 0.003 0.009 0.003 0.000 0.002 0.003 0.008 0.015 0.004 0.006 0.003 0.006 
2.350 0.005 0.008 -0.189 0.001 0.009 0.010 0.002 0.010 0.015 0.003 0.006 0.007 0.005 0.007 0.008 0.015 0.009 0.014 0.008 0.007 
2.643 0.015 0.011 0.001 -0.131 0.011 0.014 0.003 0.003 0.008 0.008 0.009 0.012 0.010 0.003 0.004 0.012 0.003 0.015 0.012 0.013 
2.245 0.000 0.002 0.009 0.011 -0.164 0.000 0.009 0.003 0.013 0.011 0.011 0.008 0.015 0.002 0.011 0.012 0.002 0.009 0.007 0.001 
2.926 0.014 0.007 0.010 0.014 0.000 -0.103 0.009 0.001 0.001 0.010 0.004 0.009 0.013 0.005 0.009 0.004 0.013 0.011 0.006 0.006 
2.407 0.014 0.008 0.002 0.003 0.009 0.009 -0.173 0.013 0.001 0.007 0.013 0.014 0.001 0.011 0.006 0.015 0.001 0.009 0.009 0.010 
3.361 0.014 0.009 0.010 0.003 0.003 0.001 0.013 -0.125 0.004 0.011 0.005 0.009 0.005 0.000 0.007 0.006 0.007 0.003 0.010 0.011 
3.115 0.014 0.003 0.015 0.008 0.013 0.001 0.001 0.004 -0.193 0.009 0.010 0.002 0.012 0.005 0.013 0.009 0.014 0.003 0.011 0.002 
2.063 0.006 0.009 0.003 0.008 0.011 0.010 0.007 0.011 0.009 -0.138 0.012 0.011 0.002 0.011 0.000 0.005 0.010 0.006 0.006 0.011 
2.548 0.005 0.003 0.006 0.009 0.011 0.004 0.013 0.005 0.010 0.012 -0.176 0.005 0.008 0.007 0.002 0.000 0.007 0.010 0.011 0.012 
2.432 0.004 0.000 0.007 0.012 0.008 0.009 0.014 0.009 0.002 0.011 0.005 -0.178 0.014 0.015 0.004 0.007 0.002 0.004 0.010 0.009 
2.834 0.008 0.002 0.005 0.010 0.015 0.013 0.001 0.005 0.012 0.002 0.008 0.014 -0.125 0.014 0.011 0.012 0.004 0.003 0.007 0.012 
2.903 0.002 0.003 0.007 0.003 0.002 0.005 0.011 0.000 0.005 0.011 0.007 0.015 0.014 -0.164 0.005 0.001 0.014 0.004 0.003 0.005 
2.558 0.012 0.008 0.008 0.004 0.011 0.009 0.006 0.007 0.013 0.000 0.002 0.004 0.011 0.005 -0.186 0.012 0.006 0.004 0.000 0.010 
2.112 0.010 0.015 0.015 0.012 0.012 0.004 0.015 0.006 0.009 0.005 0.000 0.007 0.012 0.001 0.012 -0.161 0.003 0.000 0.011 0.004 
2.174 0.002 0.004 0.009 0.003 0.002 0.013 0.001 0.007 0.014 0.010 0.007 0.002 0.004 0.014 0.006 0.003 -0.169 0.005 0.003 0.003 
2.892 0.006 0.006 0.014 0.015 0.009 0.011 0.009 0.003 0.003 0.006 0.010 0.004 0.003 0.004 0.004 0.000 0.005 -0.181 0.008 0.005 
2.080 0.002 0.003 0.008 0.012 0.007 0.006 0.009 0.010 0.011 0.006 0.011 0.010 0.007 0.003 0.000 0.011 0.003 0.008 -0.161 0.010 
2.876 0.010 0.006 0.007 0.013 0.001 0.006 0.010 0.011 0.002 0.011 0.012 0.009 0.012 0.005 0.010 0.004 0.003 0.005 0.010 -0.137 




